0  LOD,1,2,5
1  LDC,13,0,0
2  LSS,33,0,0
3  JPC,5,0,9
4  LOD,1,2,6
5  LOD,1,2,5
6  MUS,23,0,0
7  STO,24,0,0
8  JMP,4,0,12
9  LOD,1,2,6
10  LOD,1,2,5
11  STO,24,0,0
12  EXP,20,0,0
13  LDA,0,2,9
14  LDC,13,0,0
15  STO,24,0,0
16  LDA,0,2,8
17  LDC,13,0,1
18  LDC,13,0,97
19  ADD,37,0,0
20  LDC,13,0,97
21  SUB,38,0,0
22  LOD,1,2,5
23  LDC,13,0,1
24  SUB,38,0,0
25  F1U,6,0,68
26  MKS,10,0,10
27  LOD,1,2,5
28  LOD,1,2,8
29  SUB,38,0,0
30  LDA,0,2,6
31  CAL,11,0,6
32  DIS,3,1,2
33  MKS,10,0,10
34  LDA,0,1,28
35  LOD,1,2,8
36  IDX,12,0,2
37  LDT,22,0,0
38  LDA,0,1,28
39  LOD,1,2,5
40  IDX,12,0,2
41  LDT,22,0,0
42  SUB,38,0,0
43  LDA,0,2,7
44  CAL,11,0,6
45  DIS,3,1,2
46  LOD,1,2,6
47  LOD,1,2,7
48  EQL,31,0,0
49  JPC,5,0,54
50  LDA,0,2,9
51  LDC,13,0,1
52  STO,24,0,0
53  JMP,4,0,67
54  LDA,0,1,28
55  LOD,1,2,8
56  IDX,12,0,2
57  LDT,22,0,0
58  LDA,0,1,28
59  LOD,1,2,5
60  IDX,12,0,2
61  LDT,22,0,0
62  EQL,31,0,0
63  JPC,5,0,67
64  LDA,0,2,9
65  LDC,13,0,1
66  STO,24,0,0
67  F2U,7,0,26
68  LOD,1,2,9
69  LDC,13,0,1
70  EQL,31,0,0
71  JPC,5,0,76
72  LDA,0,2,0
73  LDC,13,0,0
74  STO,24,0,0
75  JMP,4,0,79
76  LDA,0,2,0
77  LDC,13,0,1
78  STO,24,0,0
79  EXF,21,0,0
80  LOD,1,2,5
81  LOD,1,1,5
82  GRT,35,0,0
83  JPC,5,0,90
84  LDA,0,1,6
85  LOD,1,1,6
86  LDC,13,0,1
87  ADD,37,0,0
88  STO,24,0,0
89  JMP,4,0,121
90  LDA,0,2,6
91  LDC,13,0,1
92  STO,24,0,0
93  LOD,1,2,6
94  LOD,1,1,5
95  LEQ,34,0,0
96  JPC,5,0,121
97  LDA,0,1,28
98  LOD,1,2,5
99  IDX,12,0,2
100  LOD,1,2,6
101  STO,24,0,0
102  MKS,10,0,13
103  LOD,1,2,5
104  CAL,11,0,5
105  DIS,3,1,2
106  LDC,13,0,1
107  EQL,31,0,0
108  JPC,5,0,115
109  MKS,10,0,20
110  LOD,1,2,5
111  LDC,13,0,1
112  ADD,37,0,0
113  CAL,11,0,5
114  DIS,3,1,2
115  LDA,0,2,6
116  LOD,1,2,6
117  LDC,13,0,1
118  ADD,37,0,0
119  STO,24,0,0
120  JMP,4,0,93
121  EXP,20,0,0
122  LDA,0,1,7
123  LDC,13,0,10
124  LDC,13,0,1
125  F1D,8,0,141
126  WRS,17,0,0
127  WRL,45,0,0
128  LDA,0,1,5
129  RED,16,0,1
130  LDA,0,1,6
131  LDC,13,0,0
132  STO,24,0,0
133  MKS,10,0,20
134  LDC,13,0,1
135  CAL,11,0,5
136  WRS,17,0,1
137  LOD,1,1,6
138  WRW,18,0,1
139  WRL,45,0,0
140  F2D,9,0,126
141  HLT,19,0,0
